67010499 7443238
75549317 41299439
6500245 43075562
65722657 51443482
68450928 26950074
14294434 27017212
62237549 80941773
5639649 64895630
47235108 76925660
74133301 11953736
32818604 36776734
4150391 65066529
78363038 32369996
30065918 71109009
93243409 85580445
36254883 26956177
36834717 68283082
57092286 79483033
18511963 2352906
76953126 25564576
97650147 59664917
30212403 12075806
83624268 62094117
1245118 35891724
35809327 81515503
24426270 43887330
63580323 39804078
84130860 32937623
26312256 8834839
14733887 49917603
33380127 10482789
610352 91702271
44158936 16622925
76135254 5166626
68023682 49130250
25683594 87185669
64349366 79879761
83630372 84634400
42510987 30746460
34350586 94387818
61883545 73605347
12219239 63320923
31842042 30331421
1611329 88308716
11761475 72799683
36901856 16226197
11016846 22885132
2465821 43948365
88983155 52462769
32678223 18350220
55035401 83407593
11914063 36306763
68548584 87594605
74548340 44692994
38897706 86898804
4956055 40383912
25457764 53195191
37512208 70254517
37603760 8358765
56591797 31179810
34710694 24264527
96569825 70034791
26153565 22787476
41821290 83694459
71307374 75802613
26721192 19033814
79547120 5184937
35644532 72927857
10247803 82809449
2966309 92251587
72784424 30551148
13061524 73880005
26531983 20285035
305176 64688111
80865479 73886109
49072266 61550904
95159913 63229371
93737793 11343384
78790284 10189820
18676758 10940552
91131592 86642457
58264161 7217408
41558838 14462281
96875001 97048951
89447022 65524292
68884278 27310181
44171143 61703492
58666993 94876099
65106202 74874878
598145 46621705
61627198 26913453
79052735 79421998
93109131 89694214
28405762 40151978
68927002 85092164
33032227 25686646
48455811 84982300
27307129 82901001
41070557 11239625
95605469 8670044
6146241 35739136
72302247 49868775
53057862 80355835
41772461 3372193
41180420 16964722
38391114 16055298
79888917 67440796
46533204 84793091
28558350 3659058
573731 56460572
96563721 47494507
84887696 27932740
43280030 70822144
33850098 46084595
78082276 95516968
31835938 7791138
60345459 93453980
13220215 59927369
99444581 86508179
62377930 99368287
54754639 46554566
13684083 72988892
35650635 95468140
51513672 77664185
1507569 5123902
10241700 60269166
61700440 97396851
74243165 17678834
75604249 44161988
77893067 96768189
52593995 67294312
5566407 94412232
52044678 38668824
91638184 57485962
83331299 80160523
20483399 82864380
5828858 63644410
26477051 17422486
28912354 10995484
93994141 58035279
11956788 94088746
57409668 51577759
64337159 34799195
1098633 94924927
45428467 5001832
59436036 34951783
64605713 26571656
16796876 68533326
81243897 71383667
7556153 42544556
4718018 61312867
16088868 53860474
94403077 68234253
76770020 49356080
59674073 14022828
73974610 25906373
59906006 70553589
42077637 30386353
4473877 59701539
65454102 59671021
52752686 53341675
78479004 60635376
14117432 73349000
65527344 30154419
47943116 91598511
60974122 15103150
63604737 29965210
49194336 12356568
20477295 60324097
64562989 68789673
27935792 4550171
91455079 81277466
45355225 34518433
64245606 96694947
82110596 72103882
67309571 11917115
97576905 89181519
35021973 73818970
1129151 7626343
51757813 79275513
52142334 99313355
51892090 75161744
59991456 86117554
19799805 58352662
84051514 39913941
89855958 75723267
33697510 82577515
46435547 24148560
68304444 85983277
23913575 50503541
97247315 72006226
6665040 51663209
79901124 12521363
29064942 74502564
25640870 29403687
75488282 15896607
93841553 94528199
80310059 22720337
93878174 29769898
27905274 91848755
85125733 7003785
52648926 70156861
76959229 48104859
38916016 54519654
28753663 24948121
21081543 91812134
49884034 59408570
83520508 78909302
99725342 23361207
60607911 62686158
87652588 38681031
36718751 40017701
73040772 77243042
46228028 57778931
65264893 60922242
73510743 12844849
23699952 61593628
52941895 52090455
57720948 1132203
68896485 72390748
26702881 51412964
55749512 20620728
40020752 34310914
97875977 93655396
57049561 21701050
29650879 38369751
87164307 35458375
35449219 51638794
89739991 47457886
49645997 80337525
74151612 79574585
56616211 21340943
99774170 3683472
90734864 21524048
75982667 41659546
36376954 77761841
62152100 65377808
27917481 36929322
67657471 96713257
49731446 95901490
51873780 7540894
36193848 1553345
24176026 19735718
71679688 50759888
43939209 5172730
90563965 90396119
20538331 85726929
77221680 17337037
13348389 33273316
66027833 78457642
31744385 69686890
41357422 70632935
35101319 66842652
37585450 40737916
32794190 46615601
39086915 85647584
84197999 80880738
80236817 52236939
98687745 91513062
45410157 37380982
35638428 50387574
68981934 87954712
4425049 79379273
35327149 833130
64422608 50363160
78820801 22891236
25006104 85214234
83837891 51004029
45550538 55807496
84753418 32046509
35430909 84017945
65942383 62893677
54022217 41720582
61779786 90420533
10699463 50790406
56640626 11502076
64837647 83102417
84899903 73013306
25811768 60531617
30932618 71829224
52996827 54953003
29113770 54824830
55767823 88241578
63818360 18875123
93499756 32272339
69421387 10855103
75567627 8920289
30297852 27639771
61346436 90060425
80822754 16104126
60211182 97567750
5371094 73123169
31536866 3317261
38317872 45571900
84698487 29183960
64038086 30325318
79071045 47042847
16906739 74258423
24029542 78768921
81298829 74246216
78948975 96237183
91589356 77163697
53204346 21322632
32153321 79885865
6170655 25900269
37365723 29287720
47222901 31845093
91601563 22244263
35736084 11032105
29235840 5630494
81085206 85336304
34643555 76321412
42645264 26632691
42199708 81192017
29791260 56796265
36279297 17117310
1898194 47702027
51257325 30972291
68341065 21224976
71508790 19631959
88494874 49240113
31408692 29971314
71734620 53622437
15332032 58865357
77435303 6246949
57653809 53189087
14971924 28988648
42749024 9817505
43719483 93722535
4992676 75625611
73052979 22323609
28759766 47488404
62347413 86666871
48425293 72280884
20977784 8627320
48364258 46878052
8319092 60079957
62951661 18154908
33746338 62899781
76562501 82986451
56634522 88961792
23571778 88247681
86358643 60140992
88354493 30813599
82293702 48312378
5285645 57559205
53814698 75350953
58740235 65359498
60296631 13131714
83093262 1089478
11114502 83529664
62719727 61624146
65643311 58419800
31994629 93838501
33258057 59677125
75292969 94607544
73333741 59176636
26989747 10806275
95245362 78793335
71459961 39309693
58367920 90402222
43078614 26992798
72076417 15878296
26220704 70730591
95745850 27096558
55261231 17398072
38751221 45932007
14575196 63870240
60467530 44259644
38537598 57022095
70269776 43954468
11523438 93728638
27532959 16891480
67907715 20864869
41632081 84945679
92065430 35305787
71942139 19992066
18371583 83926392
27838135 43905640
31201172 63601685
68695069 28561402
64929200 21206666
3887940 95834351
3930665 53616334
92791749 17599488
82580567 7705689
44781495 15731812
85253907 80349732
19232178 62106324
46325684 18423462
25518799 78598023
50170899 18801880
23016358 37081910
31164551 28359986
21099854 59432984
73681641 43972779
79144288 17526246
12097168 12515259
6524659 33236695
30786133 30862427
62615967 78439332
64123536 45889283
56793213 75009156
96484376 54470826
48431397 94821167
62243653 3482056
46905518 59750367
45776368 89797974
11590577 41671753
81457520 60293580
51861573 62460328
53662110 11843873
27093506 93991089
96765137 91323853
46661377 58139039
95141602 95608521
69940186 26779175
83166504 71572876
6304932 21786500
45214844 16091919
15130616 15036011
15661622 76040650
5792237 28402710
78881836 48294068
37664795 33761597
69250489 79727173
20123292 52987671
71142579 67214966
12542725 57955933
18933106 57632447
24298096 70541382
96997071 47854615
14764405 62619019
39709473 84756470
93316651 56063843
31445313 65213013
19329834 22750855
6579590 36099244
2178956 84555054
49487305 94290162
1239014 13351441
94543458 86660767
25885010 31015015
26123047 10086060
35491944 9420777
78601075 11441041
39434815 70443726
36352540 87600709
97088624 85958863
33752442 85440064
17828370 77841187
55175782 1834107
61029053 17965699
34997559 83657837
36065674 28207398
57592774 27786255
2313233 80441285
57336426 81094361
69146729 96542359
18603516 40457154
95941163 48385621
75769043 52749634
92071534 57846070
13208008 14846802
16912842 96798707
65295411 73623658
79840088 87118531
16406251 25955201
40228272 680542
915528 18716431
7452393 59359742
3198243 48782349
40887452 35031128
57629395 63027955
49908448 49569703
48583985 58328248
93890381 74850464
10437012 81558228
82208252 32748414
27563477 29592896
74237061 95138550
34338379 49307251
79351807 83895875
15136719 37576294
56927491 70895386
4333497 41275025
16339112 78012085
86303711 57278443
16961670 77120972
95422364 32461548
68170167 90097046
16064454 63699341
29339600 88815308
82604981 97866822
9844971 95150757
79418946 31838990
69061280 80978394
40881348 12490845
53112793 83218384
13165284 57064820
28051758 32815552
75506592 83517457
17639161 79092408
75933838 61337281
6250001 18923951
73822022 62399292
28259278 99185181
78546143 8578492
68041993 16751099
49481202 71749878
59973145 18496705
96002198 73788453
88427735 1296998
77484131 86569214
87780762 12026978
3302002 31967164
42407227 47561646
32830811 81857300
86682129 54776001
75445557 58114625
4980469 30545044
90521241 32614136
31677247 21743775
87432862 27230835
51147461 25247193
25555420 13839722
97766114 87930298
14263917 14315796
55908204 6668091
12933350 534058
59948731 28335572
30938721 94369507
94262696 49807740
27655030 67697144
93225098 17959595
12457276 42391968
41210938 29666138
44720459 90328980
72595215 31802369
33819581 33383179
71752930 21243287
39129639 43429566
73059083 44863892
70025635 42343140
60888672 99539185
85882569 1998902
69616700 32144166
96075440 44271851
83618165 39553834
59979249 41036988
37268067 68643189
86968995 14169312
14941407 16287232
36419678 35543824
51013184 29360962
17706299 27035523
29858399 4739380
90203858 60519410
85852051 89297486
63287354 57870484
3369141 79910279
96331788 90963746
16784668 23452759
98712159 81674195
10473633 16799927
29803467 1876832
18811036 6826783
98980713 73446656
26171876 90408326
65618897 68258667
66931153 14419556
39093018 8187867
25463868 75735474
78778077 65109253
36145020 21231080
94049073 60897828
83349610 47781373
44281006 67428589
1452637 2261353
38848877 6576539
74829102 81546021
37127686 50216675
37854004 32510376
48492432 20224000
74902344 52029419
32318116 88473511
20349122 86978150
97979737 76840210
58569336 34231568
4852295 57199097
23937989 40664673
62310792 51425171
830079 3152466
29730225 31393433
23620606 68569947
16485596 18978882
76684571 33792115
81951905 86056519
94396973 45693970
35504151 54501343
61132813 1150513
36517334 96188355
11267090 47036744
94366456 32992554
29174805 80227662
68426514 36788941
49230958 47598267
68072510 29452515
55810547 46023560
52679444 82858277
83288575 22378541
31622315 18881226
16040040 73538209
64276124 9396363
88439942 46377564
60015870 76278687
84863282 37771607
78216553 91403199
39685059 94595337
28253174 76644898
37280274 13723755
69500733 3878785
12023926 42031861
11334229 94979859
48291016 76394654
13128663 21823121
80456543 63687134
84259034 6283570
92895508 784302
84100342 20236207
19982911 34561158
22027588 85556031
46093751 61892701
57415772 74118042
5603028 29653931
99639893 7797242
82885743 34719849
8074952 58468628
12316895 23965455
92095948 48007203
78271485 94265748
11077881 48287964
15124512 92495728
74395752 81185914
7250977 15530396
41424561 18576050
89025879 10244751
21539307 82333375
44824219 73513794
74114991 44332886
9020997 52212525
8526612 26449585
65991211 43215943
84149170 558472
50109864 93399048
10357667 88534546
45751954 99636841
46527100 62252808
87292481 8804322
2032471 43588257
59106446 17776490
36248780 4415894
95568848 73428345
58551026 66610718
81054688 72634888
28314209 2047730
49938965 62271119
54913331 32601929
86596680 39212037
97723389 30148316
25402833 50332642
66119385 16561890
50732422 92507935
19476319 63717652
96960450 12612916
67169190 93490601
48461915 7522584
68572999 77755738
39611817 24111939
33062745 38388062
54785157 59255982
20013428 47262574
28356934 59829712
38800049 26254273
44702149 22708130
48797608 47238160
38195801 94766236
59381104 32089234
93212891 72879029
29925538 52682496
44128418 3921509
69805909 30892945
75317383 84768677
38397217 38595582
21154786 62295533
45074463 97665406
66015626 33377076
49212647 79977417
44274903 44888306
60186768 7406617
40307618 93704224
37371827 51828003
88488770 26699830
90142823 35116578
73193360 40750123
77874756 29147339
28796387 82730103
9942627 55795289
39672852 49514771
45721436 86935425
40197754 87979126
94586182 44442750
14746094 94998169
15911866 192261
97692872 17446900
19073487 76058960
73413086 52200318
63446045 43917847
76281739 46133423
58404542 25643921
90673829 96121216
63323975 93112183
50964356 49038697
87579346 68197632
41528321 1760865
90545655 22775269
96740723 1162720
81597901 78720093
976563 44119263
20111084 7907105
88610840 77505494
15460206 32211304
44018555 98196412
27020264 23507691
1574708 53067017
64166260 3671265
45654297 38992310
86273194 44577027
10632325 2847291
2716065 68099976
80883790 41506959
72869874 46115113
90783692 1846314
6109620 497437
24707032 80740357
61810303 3121949
17028809 25064087
49346924 75863648
52124024 31692505
28094483 90597535
64367676 47500611
7427979 69198609
38134766 69363404
46722413 83541871
7800293 44155884
55352784 55502320
57739258 68753052
92694092 56954957
22326661 90029908
68121338 9774781
85937501 4861451
41009522 85836792
82946778 60122681
20733643 7015992
97729493 52688599
66668702 45187378
64660645 29434205
88189698 22225953
68115235 87234498
44671631 10006714
42468262 72964478
45489502 30404664
72094727 83499146
50018311 55294800
91369629 65713501
67633057 6552125
84667969 16482544
57708741 56051636
86364747 82681275
29620362 25668335
80834961 61184693
42742920 87277222
2453614 98867798
6451417 62753296
35595704 92605591
80120850 23971558
14636231 89273072
73126221 92807007
23950196 85745240
44842530 41134644
97912598 28897095
4644776 90829468
20898438 15603638
11907959 13766480
27282715 92739869
76007081 31820679
1440430 57180787
56317139 16867066
77746583 55801392
62213135 90780640
40576172 85476685
53070069 25436402
24304200 93081666
38262940 42709351
13305665 75491334
77166749 14474488
41955567 79580689
79156495 62606812
94628907 2224732
3607178 58981324
5700684 90298462
59893799 25473023
59545899 40676880
7391358 33956910
90539551 234986
55474854 6307984
83056641 65847779
63519288 14401246
71472168 84390259
40899659 80111695
40161133 52737427
46990967 75314332
23498536 17764283
91168213 21884156
5859376 76345826
32806397 91696167
21618653 75357056
81280518 6625367
55151368 11672974
95965577 38546753
40832520 32168580
86236573 9335328
63037110 33718873
11468506 90866089
56140137 63198853
81036377 5014039
4516602 17483521
54315186 23654175
42541504 43447876
40679932 68661500
54589844 37966919
99505616 11911011
75036622 47915650
40167237 75277710
88256836 70169068
22039795 30636597
28625489 51602173
54498292 99862671
80517579 89089966
96917725 54830933
78308106 29507447
58673096 17416382
6372071 69729615
99139405 59494019
99084473 56631470
27691651 2938843
40820313 87088013
3704834 19625855
65954590 7974244
36553956 31430054
58862305 16165162
85614014 10226441
53918458 58535767
60260010 77890015
35498047 31961060
19866944 6295777
37976075 83316041
73809815 17318726
45727540 9475709
81463624 82833863
93127442 57315064
52203370 24716187
64550782 23709107
45404053 14840699
94372559 55532837
70440674 75082398
66967774 49661255
86688233 77316285
16711426 52969361
3521729 43417359
27978516 62332154
80316163 45260621
35144043 24624634
26446534 4721070
22583008 36721802
1287842 93673707
24670411 45498658
14215088 33993531
25781251 47830201
24603272 97555542
60290528 90591431
41827393 6234742
12573243 70657349
25262452 31906128
17004395 34902955
84283448 96444703
57958985 80203248
78265381 71725464
69812012 53433228
16583252 79623414
36938477 51467896
58612061 92013550
93713379 21182251
13726807 30770875
24511719 59451294
41302491 67770386
63708497 13150025
50714112 24887085
95678711 79153443
1336670 73995972
54797364 4336548
2545167 36972046
25439454 85574341
13714600 85690308
41979981 69741822
44219971 42025757
88793946 53713990
53436280 77853394
256348 84365845
50738526 15048218
60742188 58572388
95501709 25485230
4626465 23208619
97100831 31039429
16284180 75149537
14910889 3585816
30090333 61270142
58306885 64999390
30419922 78445435
86663819 87155152
51647950 73550416
9356690 91928101
78149415 43460084
85760499 51193238
44299317 35049439
25250245 86825562
34472657 45193482
87200928 70700074
83044434 20767212
80987549 24691773
74389649 58645630
65985108 20675660
42883301 5703736
51568604 80526734
72900391 58816529
97113038 76119996
98815918 64859009
11993409 29330445
5004883 20706177
55584717 12033082
25842286 73233033
37261963 46102906
45703126 19314576
16400147 3414917
98962403 5825806
2374268 5844117
69995118 29641724
54559327 25265503
93176270 37637330
82330323 83554078
52880860 26687623
45062256 52584839
83483887 43667603
52130127 54232789
69360352 85452271
62908936 60372925
44885254 98916626
86773682 92880250
94433594 80935669
83099366 23629761
52380372 78384400
61260987 74496460
3100586 88137818
80633545 17355347
80969239 57070923
50592042 74081421
70361329 82058716
30511475 16549683
5651856 9976197
29766846 66635132
71215821 37698365
7733155 96212769
1428223 12100220
73785401 27157593
80664063 30056763
87298584 31344605
43298340 38442994
57647706 30648804
73706055 34133912
44207764 96945191
6262208 64004517
56353760 52108765
25341797 24929810
53460694 68014527
65319825 63784791
44903565 66537476
10571290 77444459
90057374 19552613
95471192 12783814
98297120 48934937
4394532 66677857
28997803 26559449
71716309 86001587
91534424 74301148
81811524 67630005
45281983 64035035
69055176 58438111
99615479 17636109
17822266 55300904
13909913 6979371
62487793 5093384
97540284 53939820
87426758 4690552
9881592 30392457
27014161 967408
60308838 58212281
65625001 90798951
8197022 9274292
37634278 21060181
62921143 5453492
27416993 88626099
83856202 18624878
69348145 40371705
80377198 70663453
47802735 73171998
11859131 33444214
97155762 33901978
87677002 28842164
1782227 19436646
67205811 28732300
96057129 76651001
59820557 54989625
64355469 2420044
24896241 79489136
41052247 43618775
71807862 24105835
10522461 97122193
59930420 60714722
7141114 9805298
98638917 11190796
15283204 78543091
47308350 47409058
69323731 50210572
15313721 91244507
53637696 21682740
62030030 14572144
2600098 39834595
96832276 39266968
585938 1541138
79095459 37203980
81970215 53677369
18194581 30258179
31127930 93118287
73504639 90304566
82434083 66738892
54400635 39218140
20263672 71414185
20257569 48873902
78991700 54019166
80450440 41146851
42993165 11428834
94354249 87911988
46643067 90518189
71343995 11044312
74316407 88162232
70794678 82418824
60388184 51235962
2081299 23910523
89233399 76614380
24578858 7394410
95227051 11172486
47662354 54745484
62744141 51785279
30706788 37838746
26159668 45327759
83087159 78549195
69848633 88674927
64178467 48751832
28186036 28701783
83355713 70321656
85546876 62283326
99993897 15133667
76306153 36294556
23468018 5062867
84838868 47610474
13153077 11984253
45520020 43106080
78424073 57772828
42724610 19656373
78656006 14303589
10827637 24136353
23223877 3451539
34204102 53421021
71502686 97091675
47229004 54385376
32867432 17099000
34277344 23904419
66693116 35348511
29724122 8853150
82354737 73715210
500 500
82354737 82354737
139 139
139 149
17 19
