148907474
233697512
99151614
234332278
31800334
41311646
26032604
141070558
62080384
172174074
69595338
138433840
110733034
202349854
357647708
126422120
210235598
273150638
41729738
102517702
314630128
84576418
97145590
37136842
234649660
1518080
68922934
234136966
70294190
129302980
29241944
184625246
121563722
81301880
117153932
225738526
288458254
84132386
48838298
128738404
270977784
151080324
124346926
179840090
15374756
106256106
33901978
92828372
282891848
34018962
276885988
96441652
312286378
119241334
41932170
90679934
157305910
215533450
18385010
175543214
117950442
333209232
97882082
83677166
294219974
45755006
169464114
217144778
186114504
190435792
51667786
173883058
93634036
129986574
309503176
36874390
105592856
70054118
44490052
29617310
355548098
130963138
112042238
387847904
154971314
192388918
211749270
307086184
139981080
18887940
177081302
316949466
365606690
68557740
154019166
117437746
266876222
220416260
104620364
208551026
83770754
27149116
266827394
90289308
58145142
18148804
294659426
262652590
3579712
114068606
288116456
56410218
114102174
159869386
86799622
39627076
307598878
146295168
371905520
323492434
202618410
173345950
52447510
258355714
1894706
23503622
318194582
183843998
239532474
49903216
239776614
66652426
10079278
149124146
326983644
206695558
69473268
87799074
39907838
304058840
106045534
217974854
198272708
192047120
100860598
188775638
182354738
85330202
305255128
100201418
132061770
69949342
325274660
12612610
147393802
199761966
260919190
144927980
128350832
250250246
212188722
23185730
21866608
21262614
279083254
76077272
187139894
5129242
161602784
266705324
64971926
345465090
3896276
107293702
154214478
22636196
124505616
217681886
17510988
262066652
302911378
127053834
146109010
156304934
247930910
110386150
46510010
141168214
308575442
148834232
338507082
116656498
184844974
34522502
110089114
182769778
376739504
206060792
123648072
239508058
184259036
245611574
250128176
93435670
107403568
225787354
109292604
162429810
246173098
82196046
252667238
153472904
150283814
29716274
252374270
172711184
42646790
42012940
39235434
282574466
156231690
19092560
74331666
383062746
157501222
136041260
245245364
174176026
274395754
259967044
307452394
155914308
103457642
14032364
235284426
228277590
63764954
43231202
328741456
145632936
59414674
75494386
43911744
30609894
98223878
361920168
212530520
189117434
93243410
288970950
40572510
223980714
203887942
78323366
158819582
249468998
330157474
264947512
42266846
165582278
28675334
156936646
9859332
72320558
28696442
203424074
110220338
269683840
101358034
233599854
238897708
257672120
191485598
304400638
122979738
68142702
295880128
315826418
172686770
102761842
215899660
16787720
288018802
165386966
251544190
22936140
168975832
38625082
302813722
32308960
157778932
156988526
69708254
41944886
227764894
94363404
84075928
182330324
205596926
311090090
16684396
337506106
24842326
224078372
21380616
133306886
52711996
227691652
93536378
34866334
166421510
221929934
138555910
246783450
34635010
35597738
99200442
7831392
59710694
182281498
21189998
20460002
250714114
148394778
167364504
221685792
21980286
105133058
91628012
161236574
63584392
76248170
99342856
241412354
7401276
95242310
136798098
6007894
193292238
319097904
145596314
223638918
292999270
238336184
43535360
25137940
258331302
248199466
48952230
84182740
94644166
248687746
248126222
251666260
61956788
339801026
265020754
75592044
38675266
73846436
148770142
70071412
25129918
193902590
122842408
145318606
169366456
39222718
104727174
63706462
57112122
105252076
88848878
177545168
253155520
254742434
61289470
68198650
28697510
189605714
194512942
86135866
199444582
115093998
73594158
180572512
121026614
110402426
3873262
64749146
208233644
137945558
60098268
119049074
80532838
78436280
96670534
49224854
79522708
123297120
94036866
220025638
87868246
150955202
40929304
131451418
213311770
135574342
106524660
14175110
228643802
131011966
242169190
376177980
4277568
381500246
193438722
77369690
14045716
122613526
60333254
91702272
68389894
63587952
142852784
297955324
48740642
276715090
140997316
153131106
94839478
289703372
154766848
248931886
298760988
64438884
84161378
42678834
86734010
287554934
29180910
362408450
22760010
72418214
1301818
180084232
219757082
35415214
366094974
119192506
191339114
114019778
157989504
237310792
64273072
170758058
165509036
276861574
331378176
19686890
288653568
36719622
149917604
28054810
227423098
277838138
333917238
84722904
40908814
39263918
10278790
34653728
37959290
48262940
198956302
213824466
25960130
15332540
114956666
114312746
112917074
167291260
326495364
105426026
255645754
91217044
188702394
287164308
94082642
63941956
24348802
159527590
59077454
360943606
69997152
111257936
150039674
35581462
272662354
35115052
8695330
318048098
193463138
274542238
50347904
136221314
254888918
13403790
169586184
40410360
31387940
339581302
179449466
328106690
99807740
35269166
179937746
229376222
94305420
267120364
71051026
246270754
106842044
229327394
152789308
39395142
185696412
19053142
41717530
363984
176568606
250616456
72035218
95352174
222369386
27424622
70877076
38585554
208795168
134405520
185992434
55039470
235845950
44947510
320855714
175762942
101760866
280694582
246343998
67344158
70607504
67425538
4804406
71963502
80374146
89483644
69195558
150723268
350299074
121157838
166558840
187295534
80474854
360772708
54547120
63360598
51275638
344854738
116580202
267755128
162701418
31520590
33733114
287774660
5737610
103297934
262261966
223419190
7427980
90850832
104250082
174688722
35182190
8589554
253863526
241583254
107327272
349639894
3314318
124102784
129205324
227471926
885010
122247316
184381106
35464478
220953372
336016848
280181886
180010988
17795236
265411378
58303834
127359010
72934978
210430910
193658450
39010010
203668214
271075442
211334232
101007082
179156498
147344974
134817506
90863038
245269778
339239504
9946696
104898072
34002686
146759036
108111574
212628176
124685670
69903568
288287354
90542604
93679810
208673098
109088138
19560658
215972904
131533814
70513918
214874270
26134576
33271790
14512940
280206302
6766166
39577230
1034810
155581666
45562746
120001222
66180420
207745364
236676026
236895754
40822348
69952394
218414308
84707642
11959076
197784426
290777590
54389954
192193606
91241456
76882936
40664674
337994386
125161744
38422394
60723878
224420168
175030520
83872478
255743410
151470950
11024170
22036978
166387942
109573366
321319582
111968998
292657474
42482504
142901614
76027426
67276002
88186646
130108644
134820558
24008942
265924074
91470338
332183840
82608034
96099854
201397708
320172120
153985598
166900638
285479738
99392702
258380128
178326418
135186770
134011842
178399660
23037720
250518802
227886966
214044190
223052980
131475832
178375246
265313722
128176880
139028932
219488526
32208254
57569886
190264894
125613404
214727784
244830324
168096926
373590090
312872316
200006106
155776978
86578372
226641848
195806886
320635988
30063884
56036378
166116334
47671510
284429934
101055910
109283450
27135010
169293214
261700442
26959232
15736898
18829346
21633634
92630006
13214114
210894778
129864504
84185792
62605286
167633058
237384036
74578858
51084392
107498170
260528568
103912354
13856888
126492310
299298098
224713138
155792238
181597904
126846314
286138918
55499270
300836184
111856080
37637940
73610434
310699466
109356690
115432740
75894166
311187746
210626222
314166260
148370364
202301026
227520754
112697348
110577394
284039308
130020142
101321412
138409426
256402590
104092408
207818606
110622152
54847718
28659058
253619386
47737122
36502076
7335554
240045168
215655520
117242434
146368410
267095950
61197510
36015102
157012942
39128622
161944582
177593998
183282474
243072512
283526614
193707278
62588502
95999146
170733644
66815186
353404
181549074
61782838
297808840
77920534
311724854
242022708
185797120
244610598
82525638
226104738
82205202
249005128
193951418
175811770
66824342
269024660
2433370
191143802
193511966
204669190
238677980
172100832
44000246
51979574
42994690
54670716
185113526
31833322
122952272
76963298
79212952
105352784
160455324
308721926
339215090
303497316
215631106
76089478
152203372
317266848
311431886
61260988
255816652
46661378
73928834
67984010
150054934
191680910
224908450
55260010
134918214
52325442
242584232
182257082
110406498
328594974
150442506
153839114
176519778
120489504
299810792
3933056
233258058
328009036
139361574
93878176
90310670
251153568
119537354
31167604
59304810
189923098
140338138
96417238
147222904
122158814
301763918
96124270
166461184
28584290
20762940
361456302
276324466
299981690
61622620
96206666
176812746
301251222
229791260
88995364
55975342
218145754
153717044
50400798
349664308
75332642
9855652
79034426
222027590
49702454
74481202
172491456
142507936
131289674
169244386
65786744
59657288
241973878
55670168
256280520
182867434
36993410
182720950
49322510
217730714
347637942
125198366
202569582
243218998
273907474
158697512
224151614
159332278
157901002
34603882
211358644
266070558
43330384
97174074
132095338
263433840
173233034
327349854
27549236
51422120
135235598
198150638
166729738
65017702
39630128
209576418
16436770
99636842
159649660
26162720
331768802
159136966
195294190
254302980
212725832
309625246
246563722
143801880
179653932
350738526
213458254
65382386
271514894
91238404
195977784
21236948
27705214
304840090
94122316
1488386
96401978
217828372
207891848
27056886
201885988
73813884
237286378
81741334
29432170
215679934
282305910
140533450
43385010
100543214
34707206
86069744
222882082
176031498
219219974
108255006
294464114
142144778
111114504
45062256
82917786
99627686
218634036
254986574
234503176
73123170
41778568
135162354
25246684
92117310
26849366
55963138
237042238
312847904
17471314
117388918
136749270
232086184
102481080
43887940
302081302
26883274
90606690
11914340
116519166
42437746
191876222
49345180
229620364
133551026
208770754
169342044
191827394
215289308
120645142
16946412
219659426
187652590
94717408
239068606
213116456
12553406
76602174
84869386
68049622
2127076
232598878
271295168
96905520
248492434
327618410
298345950
37447510
183355714
138262942
133010866
243194582
108843998
364532474
274322512
164776614
324957278
153213502
111624146
51983644
14421546
31973268
212799074
102407838
229058840
68545534
142974854
323272708
317047120
225860598
113775638
307354738
147830202
230255128
225201418
57061770
132449342
16758220
8862610
272393802
124761966
185919190
69927980
53350832
10308838
337188722
50807190
12491608
116363526
204083254
38577272
312139894
4
4
4
576
72
